S	2	-1
1	0	0
C	3	2
0.329799	0.330403	0.329799	0.01	0
0.33	0.33	0.33	0.01	0
0.33	0.33	0.33	0.01	0
0	0	0	0	0.165967	0.483697	0.00994494	0.16226	0.00989916	0.168232	0
0.914955	0.0288092	0.0280736	0.0281622	0	0	0	0	0	0	0
0.0278682	0.473169	0.0274227	0.47154	0	0	0	0	0	0	0
0	0	0	0	0	0	0	0	0	0	1
0	0	0	0	0	0	0	0	0	0	1
C	4	3
0.966315	0.00683593	0.00684868	0.01	0.01
0.0199876	0.483046	0.476966	0.01	0.01
0.020212	0	0.959788	0.01	0.01
0.326667	0.326667	0.326667	0.01	0.01
0.163333	0.163333	0.163333	0.01	0.5
0	0	0	0	0.0098373	0.651666	0.308811	0.0100344	0.00982365	0.00982758	0
0.0500267	0.0500274	0.0500015	0.849944	0	0	0	0	0	0	0
0.0192974	0.019652	0.0193014	0.941749	0	0	0	0	0	0	0
0	0	0	0	0	0	0	0	0	0	1
0	0	0	0	0	0	0	0	0	0	1
C	5	4
0.00680625	0.806021	0.167173	0.01	0.01
0.0363042	0.907393	0.0363029	0.01	0.01
0.0133244	0	0.966676	0.01	0.01
0.326667	0.326667	0.326667	0.01	0.01
0.163333	0.163333	0.163333	0.01	0.5
0	0	0	0	0.166649	0.166665	0.166757	0.166644	0.166649	0.166635	0
0.00998736	0.970038	0.00998721	0.00998723	0	0	0	0	0	0	0
0.014754	0.720903	0.0147575	0.249586	0	0	0	0	0	0	0
0	0	0	0	0	0	0	0	0	0	1
0	0	0	0	0	0	0	0	0	0	1
C	6	5
0.326646	0.326734	0.32662	0.01	0.01
0.966665	0.00666804	0.00666704	0.01	0.01
0.490489	0	0.489511	0.01	0.01
0.326667	0.326667	0.326667	0.01	0.01
0.163333	0.163333	0.163333	0.01	0.5
0	0	0	0	0.246502	0.246503	0.366016	0.00747042	0.126039	0.00747032	0
0.250012	0.250075	0.249956	0.249957	0	0	0	0	0	0	0
0.0277532	0.471127	0.027715	0.473405	0	0	0	0	0	0	0
0	0	0	0	0	0	0	0	0	0	1
0	0	0	0	0	0	0	0	0	0	1
C	7	6
0.969938	0.00503117	0.00503117	0.01	0.01
0.326746	0.32668	0.326574	0.01	0.01
0.019584	0	0.960416	0.01	0.01
0.326667	0.326667	0.326667	0.01	0.01
0.163333	0.163333	0.163333	0.01	0.5
0	0	0	0	0.245493	0.126987	0.366042	0.00747544	0.00748091	0.246521	0
0.250035	0.250023	0.24997	0.249971	0	0	0	0	0	0	0
0.470339	0.474103	0.0276864	0.0278718	0	0	0	0	0	0	0
0	0	0	0	0	0	0	0	0	0	1
0	0	0	0	0	0	0	0	0	0	1
C	8	7
0.969903	0.00504839	0.00504833	0.01	0.01
0.326595	0.326713	0.326692	0.01	0.01
0.960395	0	0.0196049	0.01	0.01
0.326667	0.326667	0.326667	0.01	0.01
0.163333	0.163333	0.163333	0.01	0.5
0	0	0	0	0.00611222	0.102704	0.00604115	0.682491	0.196611	0.0060408	0
0.249962	0.250121	0.249958	0.249958	0	0	0	0	0	0	0
0.250732	0.249707	0.249697	0.249863	0	0	0	0	0	0	0
0	0	0	0	0	0	0	0	0	0	1
0	0	0	0	0	0	0	0	0	0	1
C	9	8
0.870164	0.105611	0.00422493	0.01	0.01
0.326572	0.326855	0.326573	0.01	0.01
0.491309	0	0.488691	0.01	0.01
0.326667	0.326667	0.326667	0.01	0.01
0.163333	0.163333	0.163333	0.01	0.5
0	0	0	0	0.231718	0.340962	0.118706	0.29135	0.0102795	0.00698392	0
0.0499985	0.849965	0.049993	0.0500437	0	0	0	0	0	0	0
0.250071	0.25	0.249958	0.249972	0	0	0	0	0	0	0
0	0	0	0	0	0	0	0	0	0	1
0	0	0	0	0	0	0	0	0	0	1
C	10	9
0.968052	0.00631311	0.00563445	0.01	0.01
0.0362954	0.03636	0.907345	0.01	0.01
0.490029	0	0.489971	0.01	0.01
0.326667	0.326667	0.326667	0.01	0.01
0.163333	0.163333	0.163333	0.01	0.5
0	0	0	0	0.271626	0.260502	0.134194	0.191599	0.00801241	0.134066	0
0.0540342	0.0542175	0.0537981	0.83795	0	0	0	0	0	0	0
0.849991	0.05	0.0499999	0.0500094	0	0	0	0	0	0	0
0	0	0	0	0	0	0	0	0	0	1
0	0	0	0	0	0	0	0	0	0	1
C	11	10
0.0054547	0.969091	0.00545469	0.01	0.01
0.0394027	0.039708	0.900889	0.01	0.01
0.942307	0	0.0376928	0.01	0.01
0.326667	0.326667	0.326667	0.01	0.01
0.163333	0.163333	0.163333	0.01	0.5
0	0	0	0	0.0454567	0.0454532	0.772694	0.0454834	0.0454531	0.0454594	0
0.00758065	0.977185	0.00758021	0.00765448	0	0	0	0	0	0	0
0.0500299	0.0500297	0.0500297	0.849911	0	0	0	0	0	0	0
0	0	0	0	0	0	0	0	0	0	1
0	0	0	0	0	0	0	0	0	0	1
C	12	11
0.907349	0.0363441	0.0363065	0.01	0.01
0.00528348	0.969432	0.00528435	0.01	0.01
0.942281	0	0.0377189	0.01	0.01
0.326667	0.326667	0.326667	0.01	0.01
0.163333	0.163333	0.163333	0.01	0.5
0	0	0	0	0.447423	0.0263218	0.447294	0.0263212	0.0263202	0.0263202	0
0.856394	0.128367	0.00761417	0.00762534	0	0	0	0	0	0	0
0.249991	0.249994	0.249991	0.250024	0	0	0	0	0	0	0
0	0	0	0	0	0	0	0	0	0	1
0	0	0	0	0	0	0	0	0	0	1
C	13	12
0.941499	0.0192511	0.0192497	0.01	0.01
0.00592776	0.968144	0.00592777	0.01	0.01
0.490001	0	0.489999	0.01	0.01
0.326667	0.326667	0.326667	0.01	0.01
0.163333	0.163333	0.163333	0.01	0.5
0	0	0	0	0.0263576	0.446756	0.0263571	0.447816	0.026357	0.026357	0
0.0414512	0.0261405	0.818548	0.11386	0	0	0	0	0	0	0
0.249989	0.249992	0.249989	0.25003	0	0	0	0	0	0	0
0	0	0	0	0	0	0	0	0	0	1
0	0	0	0	0	0	0	0	0	0	1
C	14	13
0.0192966	0.941407	0.0192965	0.01	0.01
0.00575986	0.96848	0.00575986	0.01	0.01
0.49005	0	0.48995	0.01	0.01
0.326667	0.326667	0.326667	0.01	0.01
0.163333	0.163333	0.163333	0.01	0.5
0	0	0	0	0.16666	0.166794	0.166635	0.16664	0.166635	0.166635	0
0.00618148	0.204664	0.00646089	0.782693	0	0	0	0	0	0	0
0.249999	0.250002	0.249999	0.249999	0	0	0	0	0	0	0
0	0	0	0	0	0	0	0	0	0	1
0	0	0	0	0	0	0	0	0	0	1
C	15	14
0.326559	0.326951	0.326489	0.01	0.01
0.0041085	0.971783	0.0041085	0.01	0.01
0.490004	0	0.489996	0.01	0.01
0.326667	0.326667	0.326667	0.01	0.01
0.163333	0.163333	0.163333	0.01	0.5
0	0	0	0	0.166662	0.166688	0.166662	0.166664	0.166662	0.166662	0
0.00610766	0.103884	0.786984	0.103024	0	0	0	0	0	0	0
0.25	0.25	0.25	0.25	0	0	0	0	0	0	0
0	0	0	0	0	0	0	0	0	0	1
0	0	0	0	0	0	0	0	0	0	1
C	16	15
0.326645	0.326715	0.326641	0.01	0.01
0.00451071	0.970979	0.00451071	0.01	0.01
0.49	0	0.49	0.01	0.01
0.326667	0.326667	0.326667	0.01	0.01
0.163333	0.163333	0.163333	0.01	0.5
0	0	0	0	0.166666	0.166668	0.166666	0.166667	0.166666	0.166666	0
0.00711042	0.330196	0.0108101	0.651884	0	0	0	0	0	0	0
0.25	0.25	0.25	0.25	0	0	0	0	0	0	0
0	0	0	0	0	0	0	0	0	0	1
0	0	0	0	0	0	0	0	0	0	1
E	17	16
0.99	0	0.01
0.99	0	0.01
0.99	0	0.01
0.99	0	0.01
0.5	0	0.5
