S	2	-1
1	0	0
C	3	2
0.327932	0.334137	0.327932	0.01	0
0.33	0.33	0.33	0.01	0
0.33	0.33	0.33	0.01	0
0	0	0	0	0.011709	0.572086	0.195717	0.197249	0.0116066	0.0116318	0
0.0195144	0.642463	0.0194806	0.318542	0	0	0	0	0	0	0
0.0283663	0.915079	0.02772	0.0288352	0	0	0	0	0	0	0
0	0	0	0	0	0	0	0	0	0	1
0	0	0	0	0	0	0	0	0	0	1
C	4	3
0.963971	0.00801386	0.00801484	0.01	0.01
0.319363	0.647367	0.0132695	0.01	0.01
0.0197686	0	0.960231	0.01	0.01
0.326667	0.326667	0.326667	0.01	0.01
0.163333	0.163333	0.163333	0.01	0.5
0	0	0	0	0.166358	0.481695	0.00981718	0.165558	0.00981541	0.166756	0
0.916512	0.0278439	0.0277997	0.0278443	0	0	0	0	0	0	0
0.0277254	0.478586	0.0277206	0.465968	0	0	0	0	0	0	0
0	0	0	0	0	0	0	0	0	0	1
0	0	0	0	0	0	0	0	0	0	1
C	5	4
0.966617	0.00669332	0.00669013	0.01	0.01
0.0192536	0.480695	0.480052	0.01	0.01
0.0200256	0	0.959974	0.01	0.01
0.326667	0.326667	0.326667	0.01	0.01
0.163333	0.163333	0.163333	0.01	0.5
0	0	0	0	0.0098219	0.637053	0.323677	0.00982714	0.00980959	0.00981204	0
0.0500014	0.0500054	0.0499988	0.849994	0	0	0	0	0	0	0
0.0192415	0.0194036	0.0192533	0.942102	0	0	0	0	0	0	0
0	0	0	0	0	0	0	0	0	0	1
0	0	0	0	0	0	0	0	0	0	1
C	6	5
0.00667268	0.807173	0.166154	0.01	0.01
0.0363038	0.907399	0.0362977	0.01	0.01
0.0132646	0	0.966735	0.01	0.01
0.326667	0.326667	0.326667	0.01	0.01
0.163333	0.163333	0.163333	0.01	0.5
0	0	0	0	0.166658	0.166673	0.166663	0.166659	0.16667	0.166677	0
0.00999758	0.970007	0.00999756	0.00999759	0	0	0	0	0	0	0
0.0147127	0.720515	0.0147127	0.25006	0	0	0	0	0	0	0
0	0	0	0	0	0	0	0	0	0	1
0	0	0	0	0	0	0	0	0	0	1
C	7	6
0.326678	0.326649	0.326673	0.01	0.01
0.966666	0.00666695	0.00666677	0.01	0.01
0.490388	0	0.489612	0.01	0.01
0.326667	0.326667	0.326667	0.01	0.01
0.163333	0.163333	0.163333	0.01	0.5
0	0	0	0	0.246321	0.246319	0.365747	0.00746436	0.126684	0.00746433	0
0.250003	0.250012	0.249993	0.249993	0	0	0	0	0	0	0
0.0277621	0.471923	0.0277607	0.472554	0	0	0	0	0	0	0
0	0	0	0	0	0	0	0	0	0	1
0	0	0	0	0	0	0	0	0	0	1
C	8	7
0.969945	0.00502766	0.00502766	0.01	0.01
0.32668	0.326669	0.326651	0.01	0.01
0.0196149	0	0.960385	0.01	0.01
0.326667	0.326667	0.326667	0.01	0.01
0.163333	0.163333	0.163333	0.01	0.5
0	0	0	0	0.245997	0.1269	0.365794	0.00746958	0.00748723	0.246353	0
0.250005	0.250009	0.249993	0.249994	0	0	0	0	0	0	0
0.471662	0.472629	0.027762	0.0279474	0	0	0	0	0	0	0
0	0	0	0	0	0	0	0	0	0	1
0	0	0	0	0	0	0	0	0	0	1
C	9	8
0.969886	0.00505714	0.00505708	0.01	0.01
0.32665	0.326681	0.326668	0.01	0.01
0.960339	0	0.0196606	0.01	0.01
0.326667	0.326667	0.326667	0.01	0.01
0.163333	0.163333	0.163333	0.01	0.5
0	0	0	0	0.00618659	0.102899	0.0060526	0.683796	0.195014	0.00605231	0
0.24997	0.250093	0.249969	0.249969	0	0	0	0	0	0	0
0.250739	0.24972	0.249714	0.249827	0	0	0	0	0	0	0
0	0	0	0	0	0	0	0	0	0	1
0	0	0	0	0	0	0	0	0	0	1
C	10	9
0.869815	0.105946	0.00423831	0.01	0.01
0.326596	0.326804	0.3266	0.01	0.01
0.49135	0	0.48865	0.01	0.01
0.326667	0.326667	0.326667	0.01	0.01
0.163333	0.163333	0.163333	0.01	0.5
0	0	0	0	0.231432	0.341408	0.118862	0.288833	0.0124714	0.00699309	0
0.0499988	0.849965	0.0499928	0.0500437	0	0	0	0	0	0	0
0.250085	0.249975	0.249968	0.249971	0	0	0	0	0	0	0
0	0	0	0	0	0	0	0	0	0	1
0	0	0	0	0	0	0	0	0	0	1
C	11	10
0.96808	0.00629913	0.00562065	0.01	0.01
0.0362952	0.0363624	0.907342	0.01	0.01
0.490022	0	0.489978	0.01	0.01
0.326667	0.326667	0.326667	0.01	0.01
0.163333	0.163333	0.163333	0.01	0.5
0	0	0	0	0.270657	0.259683	0.133772	0.194358	0.00789329	0.133637	0
0.054002	0.0541744	0.0537554	0.838068	0	0	0	0	0	0	0
0.849991	0.0499998	0.0499997	0.0500093	0	0	0	0	0	0	0
0	0	0	0	0	0	0	0	0	0	1
0	0	0	0	0	0	0	0	0	0	1
C	12	11
0.00543672	0.969127	0.00543667	0.01	0.01
0.0393674	0.0396883	0.900944	0.01	0.01
0.942307	0	0.0376926	0.01	0.01
0.326667	0.326667	0.326667	0.01	0.01
0.163333	0.163333	0.163333	0.01	0.5
0	0	0	0	0.0454569	0.0454534	0.772699	0.0454782	0.0454531	0.0454599	0
0.0075801	0.977187	0.0075796	0.00765312	0	0	0	0	0	0	0
0.0500296	0.0500295	0.0500295	0.849911	0	0	0	0	0	0	0
0	0	0	0	0	0	0	0	0	0	1
0	0	0	0	0	0	0	0	0	0	1
C	13	12
0.907356	0.036338	0.0363065	0.01	0.01
0.00528707	0.969425	0.00528794	0.01	0.01
0.942281	0	0.0377187	0.01	0.01
0.326667	0.326667	0.326667	0.01	0.01
0.163333	0.163333	0.163333	0.01	0.5
0	0	0	0	0.447422	0.0263217	0.447296	0.0263203	0.0263202	0.0263202	0
0.856749	0.12802	0.00760974	0.00762103	0	0	0	0	0	0	0
0.249992	0.249992	0.249992	0.250025	0	0	0	0	0	0	0
0	0	0	0	0	0	0	0	0	0	1
0	0	0	0	0	0	0	0	0	0	1
C	14	13
0.941498	0.0192517	0.0192501	0.01	0.01
0.00590509	0.96819	0.0059051	0.01	0.01
0.490005	0	0.489995	0.01	0.01
0.326667	0.326667	0.326667	0.01	0.01
0.163333	0.163333	0.163333	0.01	0.5
0	0	0	0	0.0263583	0.446738	0.0263578	0.447831	0.0263577	0.0263577	0
0.0373248	0.0314685	0.81504	0.116167	0	0	0	0	0	0	0
0.24999	0.24999	0.24999	0.250029	0	0	0	0	0	0	0
0	0	0	0	0	0	0	0	0	0	1
0	0	0	0	0	0	0	0	0	0	1
C	15	14
0.0192974	0.941405	0.0192973	0.01	0.01
0.0057594	0.968481	0.0057594	0.01	0.01
0.490051	0	0.489949	0.01	0.01
0.326667	0.326667	0.326667	0.01	0.01
0.163333	0.163333	0.163333	0.01	0.5
0	0	0	0	0.16666	0.166793	0.166636	0.16664	0.166636	0.166636	0
0.00620426	0.200033	0.00658546	0.787177	0	0	0	0	0	0	0
0.25	0.25	0.25	0.25	0	0	0	0	0	0	0
0	0	0	0	0	0	0	0	0	0	1
0	0	0	0	0	0	0	0	0	0	1
C	16	15
0.326559	0.32695	0.326491	0.01	0.01
0.00412286	0.971754	0.00412286	0.01	0.01
0.49	0	0.49	0.01	0.01
0.326667	0.326667	0.326667	0.01	0.01
0.163333	0.163333	0.163333	0.01	0.5
0	0	0	0	0.166663	0.166687	0.166663	0.166663	0.166663	0.166663	0
0.00610829	0.1038	0.786945	0.103147	0	0	0	0	0	0	0
0.25	0.25	0.25	0.25	0	0	0	0	0	0	0
0	0	0	0	0	0	0	0	0	0	1
0	0	0	0	0	0	0	0	0	0	1
C	17	16
0.326643	0.326714	0.326643	0.01	0.01
0.00450912	0.970982	0.00450912	0.01	0.01
0.49	0	0.49	0.01	0.01
0.326667	0.326667	0.326667	0.01	0.01
0.163333	0.163333	0.163333	0.01	0.5
0	0	0	0	0.166667	0.166667	0.166667	0.166667	0.166667	0.166667	0
0.00711018	0.330215	0.0108995	0.651775	0	0	0	0	0	0	0
0.25	0.25	0.25	0.25	0	0	0	0	0	0	0
0	0	0	0	0	0	0	0	0	0	1
0	0	0	0	0	0	0	0	0	0	1
E	18	17
0.99	0	0.01
0.99	0	0.01
0.99	0	0.01
0.99	0	0.01
0.5	0	0.5
